W1= 
-2.42039  -1.58414  -1.18614  1.01896  -4.87955  -1.56948  -1.39684  -1.34676  0.0462508  -0.961034  6.69781  0.254256  -3.781  -1.7498  -1.08864  0.695121  -0.501477  3.36881  -3.70378  -0.0126382  -1.23292  -2.60214  0.00429661  0.917277  
-2.58367  -1.87656  -0.554182  -2.27534  -0.132148  -0.231529  -1.07769  -1.37771  -0.162648  -0.183838  -0.950936  -0.922959  -0.0848799  -0.147774  0.223083  0.80139  -0.362177  -0.169491  0.281978  0.301877  0.317054  -0.406107  1.27866  1.06308  
-1.84922  -0.324895  -1.55222  -2.05325  -1.91305  -0.72633  -3.08006  -0.857547  -0.139027  -0.870468  -0.307689  0.0462285  -0.965247  0.350973  -1.11971  -0.724425  -0.0613636  -1.43966  -0.00735908  0.111439  -0.277946  -0.464832  -2.45224  2.23755  
-1.04752  -1.02136  -1.92064  -2.61547  -1.24925  -1.55292  -0.52245  -1.89414  -0.293573  2.33428  -1.69374  0.242812  -0.0628804  2.06733  -0.157727  -1.06815  -0.0550157  -0.111558  0.885691  0.24194  0.0510767  -0.127707  0.100311  1.37742  
-1.31739  -1.19271  -2.76287  -4.28762  1.1916  -2.82455  -1.03129  0.338356  -0.253716  0.33735  -0.590948  -0.190166  -0.27621  -0.847936  -1.11962  -1.08841  -0.640667  -0.964464  -0.607243  -0.277355  -0.44948  0.151361  -1.39992  0.0676036  
-3.32832  -0.064192  -2.63948  0.402782  -0.523723  0.685663  -1.866  -1.85382  0.351314  -0.678983  0.422086  2.53994  1.16978  -1.28741  0.305617  2.67074  -0.0965488  0.681469  0.582483  -0.0583131  0.630616  -0.747914  0.961422  -2.49381  
0.556742  -7.56227  1.07449  -0.196707  1.50323  -0.382779  0.20787  -0.262054  0.230247  -0.0589814  -1.91137  0.242429  -0.669309  -0.635862  -1.06298  -0.0846565  -0.912461  -0.243238  -1.38078  -0.30367  0.11106  -0.649828  -4.29627  -4.4001  
-0.348482  -7.53565  -1.53797  -1.82347  -0.935101  0.258366  -0.755928  -0.409026  -0.105304  -0.186636  -2.81362  0.643969  -2.45732  -0.274956  -1.67811  -0.574753  -0.643199  1.90679  -0.109711  -0.494582  -0.936904  -0.324272  -4.91305  2.67994  
0.164176  -1.15701  -0.744048  -0.971032  0.474974  -1.7172  0.862191  -1.48331  0.249046  4.64444  -2.24766  -0.12452  0.317889  1.89882  1.1217  -1.20124  0.029499  -0.352775  0.726468  -0.523748  0.31604  -0.532069  1.32443  0.406962  
-0.323095  -0.798992  0.333319  0.973454  -1.64067  -1.39593  -2.96106  -1.69068  0.305139  0.568168  -1.48149  -0.368784  -0.0181585  0.183296  -0.357753  -0.473392  -1.369  -0.407164  -1.92504  3.18756  -0.336151  -0.627329  -0.683304  -0.591228  
-1.40987  -0.899142  -1.56812  -3.22346  -0.114459  -2.04307  -0.859677  -0.342839  0.0222022  0.0878941  -0.418307  -0.248318  -0.709179  -0.350572  -0.479896  -0.863142  -0.380257  -0.204222  -0.442647  0.0927077  -0.0484875  0.0851904  -1.21259  0.13606  
-1.00117  -4.4143  0.770279  -2.32081  -1.01973  -2.16012  -0.771239  -2.23127  0.271783  -1.16585  -0.830192  0.656514  -0.102431  -1.63925  -1.54141  0.283903  -0.0630199  -0.109808  -2.15713  -0.238417  -1.04788  2.57476  -0.597001  2.59064  
1.23691  1.4931  -3.3582  -3.21713  1.41839  -4.74038  -1.37505  0.131997  -0.0726493  3.88712  -1.68336  -0.162273  -0.0297154  0.384348  -0.354133  -0.439516  -0.606525  -1.06985  -0.971941  0.037372  0.151138  -0.588328  -0.599947  -1.01006  
-2.63498  -2.80891  -1.0082  0.780347  -4.61213  -2.95644  -1.38234  0.649675  0.0794855  -0.558676  -0.707331  1.09589  0.732218  -2.82247  -1.01595  -0.805831  0.175955  -1.13695  -1.61284  -0.577183  -1.03073  -0.251509  -0.229704  5.48537  
W2= 
1.54678  -1.2424  -0.566232  -1.53534  -1.04775  0.202453  0.471429  -0.796307  -1.22141  1.13905  -0.991545  0.465951  -0.942922  -0.592763  
B1=
5.94524  -1.38617  -1.90404  -2.42065  -2.25317  -2.67302  -3.25575  -4.359  -4.64652  -0.390765  -2.00074  -2.79119  -3.40844  2.12563  
B2= -1.4875