/* Organism #65 Fitness: 14 Error: 0  General = 370 */
genomestart 65
trait 1 0.426394 0.123171 1.1438 0.613096 0.509089 0.257589 0.111747 0 
node 1 0 1 1
node 2 1 1 1
node 3 0 1 1
node 4 0 1 3
node 5 1 0 2
node 11 1 0 0
gene 1 1 5 -1.14305 0 1 -1.14305 1
gene 1 2 5 -4.29708 0 2 -4.29708 1
gene 1 3 5 3.40956 0 3 3.40956 1
gene 1 4 5 2.16681 0 4 2.16681 1
gene 1 2 11 3.99508 0 106 3.99508 1
gene 1 11 5 -0.930205 0 107 -0.930205 0
gene 1 3 11 1.43702 0 211 1.43702 1
gene 1 11 11 0.0309549 1 294 0.0309549 1
gene 1 1 11 2.83513 0 553 2.83513 1
gene 1 4 11 0.370105 0 613 0.370105 0
gene 1 5 5 -1.13047 1 975 -1.13047 1
genomeend 65